TV Samsung
Ch+         = 
Ch-         = 
Vol+        = 
Vol-        = 
Mute        = 
Turn On/Off = {4478, 4544,  516, 1724,  516, 1726,  514, 1724,  516, 604,  516, 604,  516, 604,  516, 606,  516, 604,  516, 1724,  516, 1724,  516, 1724,  516, 606,  516, 604,  516, 604,  516, 604,  516, 604,  516, 606,  516, 1724,  516, 604,  516, 606,  514, 604,  516, 604,  516, 604,  516, 604,  516, 1724,  516, 604,  516, 1724,  516, 1724,  516, 1724,  516, 1724,  516, 1724,  516, 1724,  516};  // SAMSUNG E0E040BF
Home        = 


Controle Lampada
Brilho+     = FF906F
Brilho-     = FFB847
On          = FFB04F   {9042, 4506,  550, 584,  554, 556,  608, 526,  550, 586,  554, 556,  606, 528,  548, 584,  554, 556,  578, 1686,  552, 1686,  548, 1692,  580, 1684,  556, 1684,  550, 1692,  576, 1688,  554, 1686,  550, 1690,  550, 584,  548, 1694,  578, 1684,  554, 556,  578, 554,  548, 586,  554, 556,  578, 554,  550, 1692,  578, 556,  548, 586,  554, 1684,  550, 1690,  578, 1686,  554, 1684,  552};  // NEC FFB04F
Off         = FFF807
R           = FF9867
G           = FFD827
B           = FF8877
W           = FFA857
Flash       = FFB24D
Strobe      = FF00FF
Fade        = FF58A7
Smooth      = FF30CF

Controle A/C Carrier
On/Off = {4264, 4522,  408, 1768,  408, 666,  408, 1766,  410, 1766,  410, 666,  410, 666,  408, 1768,  408, 666,  410, 664,  410, 1766,  408, 666,  410, 666,  408, 1766,  410, 1768,  408, 666,  408, 1768,  408, 1768,  408, 666,  410, 1766,  408, 1768,  408, 1768,  408, 1768,  408, 1768,  410, 1768,  410, 666,  408, 1766,  410, 666,  408, 664,  408, 666,  408, 666,  408, 666,  408, 666,  408, 664,  408, 1768,  408, 1768,  408, 666,  408, 666,  410, 664,  410, 666,  408, 664,  410, 1766,  410, 666,  408, 666,  408, 1768,  408, 1768,  408, 1768,  408, 1768,  406, 1768,  408, 5334,  4292, 4520,  410, 1766,  410, 666,  408, 1768,  408, 1768,  408, 666,  408, 666,  410, 1768,  408, 666,  408, 668,  408, 1766,  410, 666,  410, 664,  408, 1768,  408, 1768,  408, 666,  408, 1768,  410, 1766,  408, 666,  408, 1766,  408, 1768,  410, 1768,  408, 1768,  410, 1766,  410, 1766,  410, 666,  408, 1768,  408, 666,  408, 666,  408, 666,  408, 664,  410, 666,  408, 664,  410, 666,  408, 1768,  408, 1766,  410, 666,  408, 666,  408, 666,  408, 666,  408, 666,  410, 1768,  408, 666,  408, 666,  408, 1766,  408, 1768,  408, 1766,  410, 1766,  408, 1768,  408};  // UNKNOWN 98F3E988

Controle AC Elgin
On[227]     =  {3632, 1650,  498, 1248,  548, 1188,  482, 294,  396, 378,  396, 376,  396, 1342,  396, 376,  470, 304,  380, 1370,  560, 1176,  396, 378,  428, 1308,  428, 344,  398, 376,  480, 1256,  518, 1220,  554, 172,  454, 1344,  544, 1192,  398, 376,  578, 182,  410, 1340,  426, 348,  396, 380,  378, 1370,  472, 302,  396, 380,  494, 278,  518, 256,  396, 380,  460, 312,  492, 286,  498, 286,  394, 380,  480, 292,  396, 378,  398, 378,  430, 344,  524, 248,  396, 384,  374, 408,  396, 376,  480, 1258,  398, 378,  396, 378,  490, 1248,  396, 378,  526, 248,  380, 408,  396, 378,  396, 378,  394, 1342,  586, 160,  526, 1240,  396, 378,  396, 382,  458, 324,  496, 280,  586, 158,  494, 1272,  432, 340,  396, 378,  396, 378,  468, 308,  460, 324,  396, 1342,  490, 282,  396, 1342,  396, 1342,  532, 1204,  396, 378,  596, 148,  494, 322,  392, 382,  394, 378,  394, 378,  558, 216,  396, 378,  520, 252,  432, 344,  464, 322,  478, 296,  394, 380,  526, 174,  582, 264,  394, 380,  394, 380,  512, 298,  342, 408,  396, 376,  464, 308,  526, 248,  398, 378,  452, 322,  520, 252,  396, 384,  462, 322,  524, 248,  466, 308,  432, 342,  496, 276,  504, 272,  394, 380,  436, 376,  522, 1190,  396, 1340,  432, 342,  366, 406,  368, 406,  368, 1370,  472, 302,  394, 1346,  506};  // UNKNOWN 8186C24D
Off [227]   =  {3634, 1806,  338, 1402,  336, 1402,  336, 438,  336, 438,  336, 438,  336, 1402,  336, 436,  338, 438,  346, 1404,  336, 1400,  336, 438,  336, 1402,  336, 436,  338, 436,  336, 1400,  336, 1440,  308, 440,  336, 1400,  338, 1400,  336, 438,  336, 438,  336, 1402,  336, 438,  336, 478,  308, 1402,  338, 436,  336, 438,  336, 436,  338, 438,  336, 436,  336, 438,  336, 440,  346, 438,  336, 438,  336, 438,  338, 436,  336, 438,  336, 436,  336, 438,  336, 478,  308, 440,  336, 438,  336, 438,  336, 436,  338, 438,  336, 1400,  338, 436,  338, 478,  308, 438,  336, 438,  336, 438,  336, 1402,  336, 438,  336, 1402,  336, 438,  336, 440,  344, 440,  338, 438,  336, 438,  336, 1400,  338, 436,  336, 438,  336, 438,  336, 438,  346, 440,  336, 1402,  336, 438,  336, 1400,  336, 1400,  338, 1400,  336, 438,  336, 440,  346, 440,  336, 438,  336, 438,  336, 438,  334, 438,  336, 436,  338, 436,  336, 478,  308, 440,  336, 438,  336, 438,  336, 438,  336, 438,  336, 438,  336, 436,  338, 440,  344, 440,  336, 438,  336, 436,  338, 436,  338, 436,  336, 438,  336, 438,  336, 440,  346, 440,  338, 436,  338, 436,  336, 438,  336, 438,  336, 438,  336, 438,  336, 478,  308, 1404,  336, 1402,  336, 1402,  336, 1402,  336, 1402,  336, 436,  338, 436,  336, 1404,  340};  // UNKNOWN 714C157E
Temp 21[225]  = {3660, 1774,  370, 1376,  362, 1376,  360, 414,  388, 386,  332, 444,  362, 1374,  388, 386,  390, 384,  404, 1348,  388, 1350,  360, 412,  360, 1378,  362, 410,  386, 388,  390, 1348,  362, 1376,  378, 408,  332, 1406,  358, 1380,  358, 414,  358, 416,  360, 1378,  386, 388,  388, 386,  372, 1378,  358, 416,  362, 412,  390, 384,  360, 414,  392, 382,  390, 384,  388, 386,  378, 410,  390, 384,  362, 412,  362, 412,  362, 412,  390, 384,  390, 384,  358, 416,  406, 382,  360, 414,  358, 1378,  390, 384,  362, 412,  388, 1348,  390, 384,  362, 414,  402, 1348,  362, 1374,  362, 412,  360, 414,  386, 388,  360, 1378,  362, 412,  418, 358,  402, 384,  362, 1374,  390, 384,  386, 1352,  418, 356,  390, 384,  390, 384,  392, 386,  400, 384,  392, 1346,  394, 380,  362, 412,  390, 1348,  360, 412,  362, 412,  390, 386,  406, 380,  362, 412,  390, 384,  362, 412,  388, 384,  360, 414,  386, 388,  366, 410,  404, 382,  388, 384,  388, 386,  388, 386,  390, 384,  388, 384,  390, 382,  364, 412,  404, 384,  392, 384,  360, 412,  390, 384,  390, 384,  360, 414,  358, 414,  390, 388,  376, 408,  388, 386,  360, 412,  390, 384,  392, 382,  392, 382,  360, 414,  392, 384,  402, 382,  394, 380,  388, 384,  388, 1350,  364, 1372,  418, 1320,  394, 1344,  392, 384,  430};  // UNKNOWN D4E4C6B3
Temp 

Temp Mode [225] = {3546, 1780,  366, 1378,  336, 1400,  336, 438,  358, 416,  362, 412,  336, 1400,  358, 416,  336, 478,  358, 1352,  336, 1402,  336, 438,  336, 1402,  336, 438,  338, 436,  336, 1402,  336, 1404,  368, 416,  336, 1402,  336, 1402,  336, 436,  338, 436,  336, 1402,  336, 438,  336, 442,  344, 1404,  336, 438,  336, 438,  336, 438,  336, 438,  336, 438,  336, 438,  336, 442,  342, 440,  336, 438,  336, 438,  336, 438,  336, 438,  336, 436,  338, 438,  336, 476,  308, 440,  474, 300,  338, 1398,  366, 408,  446, 326,  366, 1372,  394, 380,  368, 408,  376, 1374,  516, 1222,  396, 378,  394, 380,  394, 380,  458, 1280,  484, 290,  396, 382,  378, 1370,  428, 1310,  396, 1340,  398, 376,  424, 350,  396, 378,  464, 308,  400, 378,  378, 406,  554, 1184,  400, 374,  398, 376,  396, 1338,  596, 138,  438, 376,  430, 348,  404, 380,  430, 342,  398, 376,  396, 376,  398, 376,  396, 376,  398, 376,  398, 378,  542, 244,  456, 316,  426, 348,  552, 220,  1176, 376,  396, 376,  528, 246,  408, 380,  398, 374,  398, 378,  480, 294,  398, 376,  494, 280,  398, 378,  396, 382,  404, 380,  400, 376,  396, 378,  396, 378,  548, 222,  520, 254,  526, 248,  400, 380,  402, 1344,  398, 376,  398, 1340,  498, 276,  466, 1270,  432, 1306,  494, 1244,  398, 380,  372};  // UNKNOWN 8172AA26

42 -> funciona o sensor de temperatura
M8 -> funciona o sensor de luminosidade